00000000: 01110010 10110101 01001010 10000110 00000000 00000000  r.J...
00000006: 00000000 00000000 00100000 00000000 00000000 00000000  .. ...
0000000c: 00000000 00000000 00000000 00000000 00000000 00000001  ......
00000012: 00000000 00000000 00001000 00000000 00000000 00000000  ......
00000018: 00001000 00000000 00000000 00000000 00001000 00000000  ......
0000001e: 00000000 00000000 00000000 00000000 00000000 00000000  ......
00000024: 00000000 00000000 00000000 00000000 01111110 10000001  ....~.
0000002a: 10100101 10000001 10111101 10011001 10000001 01111110  .....~
00000030: 00111100 01111110 11011011 11111111 11000011 01111110  <~...~
00000036: 00111100 00000000 00000000 11101110 11111110 11111110  <.....
0000003c: 01111100 00111000 00010000 00000000 00010000 00111000  |8...8
00000042: 01111100 11111110 01111100 00111000 00010000 00000000  |.|8..
00000048: 00000000 00111100 00011000 11111111 11111111 00001000  .<....
0000004e: 00011000 00000000 00010000 00111000 01111100 11111110  ...8|.
00000054: 11111110 00010000 00111000 00000000 00000000 00000000  ..8...
0000005a: 00011000 00111100 00011000 00000000 00000000 00000000  .<....
00000060: 11111111 11111111 11100111 11000011 11100111 11111111  ......
00000066: 11111111 11111111 00000000 00111100 01000010 10000001  ...<B.
0000006c: 10000001 01000010 00111100 00000000 11111111 11000011  .B<...
00000072: 10111101 01111110 01111110 10111101 11000011 11111111  .~~...
00000078: 00011111 00000111 00001101 01111100 11000110 11000110  ...|..
0000007e: 01111100 00000000 00000000 01111110 11000011 11000011  |..~..
00000084: 01111110 00011000 01111110 00011000 00000100 00000110  ~.~...
0000008a: 00000111 00000100 00000100 11111100 11111000 00000000  ......
00000090: 00001100 00001010 00001101 00001011 11111001 11111001  ......
00000096: 00011111 00011111 00000000 10010010 01111100 01000100  ....|D
0000009c: 11000110 01111100 10010010 00000000 00000000 00000000  .|....
000000a2: 01100000 01111000 01111110 01111000 01100000 00000000  `x~x`.
000000a8: 00000000 00000000 00000110 00011110 01111110 00011110  ....~.
000000ae: 00000110 00000000 00011000 01111110 00011000 00011000  ...~..
000000b4: 00011000 00011000 01111110 00011000 01100110 01100110  ..~.ff
000000ba: 01100110 01100110 01100110 00000000 01100110 00000000  fff.f.
000000c0: 11111111 10110110 01110110 00110110 00110110 00110110  ..v666
000000c6: 00110110 00000000 01111110 11000001 11011100 00100010  6.~.."
000000cc: 00100010 00011111 10000011 01111110 00000000 00000000  "..~..
000000d2: 00000000 01111110 01111110 00000000 00000000 00000000  .~~...
000000d8: 00011000 01111110 00011000 00011000 01111110 00011000  .~..~.
000000de: 00000000 11111111 00011000 01111110 00011000 00011000  ...~..
000000e4: 00011000 00011000 00011000 00000000 00011000 00011000  ......
000000ea: 00011000 00011000 00011000 01111110 00011000 00000000  ...~..
000000f0: 00000000 00000100 00000110 11111111 00000110 00000100  ......
000000f6: 00000000 00000000 00000000 00100000 01100000 11111111  ... `.
000000fc: 01100000 00100000 00000000 00000000 00000000 00000000  ` ....
00000102: 00000000 11000000 11000000 11000000 11111111 00000000  ......
00000108: 00000000 00100100 01100110 11111111 01100110 00100100  .$f.f$
0000010e: 00000000 00000000 00000000 00000000 00010000 00111000  .....8
00000114: 01111100 11111110 00000000 00000000 00000000 00000000  |.....
0000011a: 00000000 11111110 01111100 00111000 00010000 00000000  ..|8..
00000120: 00000000 00000000 00000000 00000000 00000000 00000000  ......
00000126: 00000000 00000000 00110000 00110000 00110000 00110000  ..0000
0000012c: 00110000 00000000 00110000 00000000 01100110 01100110  0.0.ff
00000132: 00000000 00000000 00000000 00000000 00000000 00000000  ......
00000138: 01101100 01101100 11111110 01101100 11111110 01101100  ll.l.l
0000013e: 01101100 00000000 00010000 01111100 11010010 01111100  l..|.|
00000144: 10000110 01111100 00010000 00000000 11110000 10010110  .|....
0000014a: 11111100 00011000 00111110 01110010 11011110 00000000  ..>r..
00000150: 00110000 01001000 00110000 01111000 11001110 11001100  0H0x..
00000156: 01111000 00000000 00001100 00001100 00011000 00000000  x.....
0000015c: 00000000 00000000 00000000 00000000 00010000 01100000  .....`
00000162: 11000000 11000000 11000000 01100000 00010000 00000000  ...`..
00000168: 00010000 00001100 00000110 00000110 00000110 00001100  ......
0000016e: 00010000 00000000 00000000 01010100 00111000 11111110  ...T8.
00000174: 00111000 01010100 00000000 00000000 00000000 00011000  8T....
0000017a: 00011000 01111110 00011000 00011000 00000000 00000000  .~....
00000180: 00000000 00000000 00000000 00000000 00000000 00000000  ......
00000186: 00011000 01110000 00000000 00000000 00000000 01111110  .p...~
0000018c: 00000000 00000000 00000000 00000000 00000000 00000000  ......
00000192: 00000000 00000000 00000000 00000000 00011000 00000000  ......
00000198: 00000010 00000110 00001100 00011000 00110000 01100000  ....0`
0000019e: 11000000 00000000 01111100 11001110 11011110 11110110  ..|...
000001a4: 11100110 11100110 01111100 00000000 00011000 00111000  ..|..8
000001aa: 01111000 00011000 00011000 00011000 00111100 00000000  x...<.
000001b0: 01111100 11000110 00000110 00001100 00110000 01100000  |...0`
000001b6: 11111110 00000000 01111100 11000110 00000110 00111100  ..|..<
000001bc: 00000110 11000110 01111100 00000000 00001110 00011110  ..|...
000001c2: 00110110 01100110 11111110 00000110 00000110 00000000  6f....
000001c8: 11111110 11000000 11000000 11111100 00000110 00000110  ......
000001ce: 11111100 00000000 01111100 11000110 11000000 11111100  ..|...
000001d4: 11000110 11000110 01111100 00000000 11111110 00000110  ..|...
000001da: 00001100 00011000 00110000 01100000 01100000 00000000  ..0``.
000001e0: 01111100 11000110 11000110 01111100 11000110 11000110  |..|..
000001e6: 01111100 00000000 01111100 11000110 11000110 01111110  |.|..~
000001ec: 00000110 11000110 01111100 00000000 00000000 00110000  ..|..0
000001f2: 00000000 00000000 00000000 00110000 00000000 00000000  ...0..
000001f8: 00000000 00110000 00000000 00000000 00000000 00110000  .0...0
000001fe: 00100000 00000000 00000000 00011100 00110000 01100000   ...0`
00000204: 00110000 00011100 00000000 00000000 00000000 00000000  0.....
0000020a: 01111110 00000000 01111110 00000000 00000000 00000000  ~.~...
00000210: 00000000 01110000 00011000 00001100 00011000 01110000  .p...p
00000216: 00000000 00000000 01111100 11000110 00001100 00011000  ..|...
0000021c: 00110000 00000000 00110000 00000000 01111100 10000010  0.0.|.
00000222: 10011010 10101010 10101010 10011110 01111100 00000000  ....|.
00000228: 01111100 11000110 11000110 11111110 11000110 11000110  |.....
0000022e: 11000110 00000000 11111100 01100110 01100110 01111100  ...ff|
00000234: 01100110 01100110 11111100 00000000 01111100 11000110  ff..|.
0000023a: 11000000 11000000 11000000 11000110 01111100 00000000  ....|.
00000240: 11111100 01100110 01100110 01100110 01100110 01100110  .fffff
00000246: 11111100 00000000 11111110 01100010 01101000 01111000  ...bhx
0000024c: 01101000 01100010 11111110 00000000 11111110 01100010  hb...b
00000252: 01101000 01111000 01101000 01100000 11110000 00000000  hxh`..
00000258: 01111100 11000110 11000110 11000000 11011110 11000110  |.....
0000025e: 01111100 00000000 11000110 11000110 11000110 11111110  |.....
00000264: 11000110 11000110 11000110 00000000 00111100 00011000  ....<.
0000026a: 00011000 00011000 00011000 00011000 00111100 00000000  ....<.
00000270: 00011110 00001100 00001100 00001100 00001100 11001100  ......
00000276: 01111000 00000000 11000110 11001100 11011000 11110000  x.....
0000027c: 11011000 11001100 11000110 00000000 11110000 01100000  .....`
00000282: 01100000 01100000 01100000 01100010 11111110 00000000  ```b..
00000288: 11000110 11101110 11111110 11010110 11000110 11000110  ......
0000028e: 11000110 00000000 11000110 11100110 11110110 11011110  ......
00000294: 11001110 11000110 11000110 00000000 01111100 11000110  ....|.
0000029a: 11000110 11000110 11000110 11000110 01111100 00000000  ....|.
000002a0: 11111100 01100110 01100110 01111100 01100000 01100000  .ff|``
000002a6: 11110000 00000000 01111100 11000110 11000110 11000110  ..|...
000002ac: 11000110 11000110 01111100 00001100 11111100 01100110  ..|..f
000002b2: 01100110 01111100 01100110 01100110 11100110 00000000  f|ff..
000002b8: 01111100 11000110 11000000 01111100 00000110 11000110  |..|..
000002be: 01111100 00000000 01111110 01011010 00011000 00011000  |.~Z..
000002c4: 00011000 00011000 00111100 00000000 11000110 11000110  ..<...
000002ca: 11000110 11000110 11000110 11000110 01111100 00000000  ....|.
000002d0: 11000110 11000110 11000110 11000110 11000110 01101100  .....l
000002d6: 00111000 00000000 11000110 11000110 11000110 11000110  8.....
000002dc: 11010110 11101110 11000110 00000000 11000110 01101100  .....l
000002e2: 00111000 00111000 00111000 01101100 11000110 00000000  888l..
000002e8: 01100110 01100110 01100110 00111100 00011000 00011000  fff<..
000002ee: 00111100 00000000 11111110 11000110 00001100 00011000  <.....
000002f4: 00110000 01100110 11111110 00000000 00011100 00011000  0f....
000002fa: 00011000 00011000 00011000 00011000 00011100 00000000  ......
00000300: 11000000 01100000 00110000 00011000 00001100 00000110  .`0...
00000306: 00000010 00000000 01110000 00110000 00110000 00110000  ..p000
0000030c: 00110000 00110000 01110000 00000000 00000000 00000000  00p...
00000312: 00010000 00111000 01101100 11000110 00000000 00000000  .8l...
00000318: 00000000 00000000 00000000 00000000 00000000 00000000  ......
0000031e: 00000000 11111111 00110000 00110000 00011000 00000000  ..00..
00000324: 00000000 00000000 00000000 00000000 00000000 00000000  ......
0000032a: 01111100 00000110 01111110 11000110 01111110 00000000  |.~.~.
00000330: 11000000 11000000 11111100 11000110 11000110 11000110  ......
00000336: 11111100 00000000 00000000 00000000 01111100 11000110  ....|.
0000033c: 11000000 11000110 01111100 00000000 00000110 00000110  ..|...
00000342: 01111110 11000110 11000110 11000110 01111110 00000000  ~...~.
00000348: 00000000 00000000 01111100 11000110 11111110 11000000  ..|...
0000034e: 01111100 00000000 00111100 01100110 01100000 11110000  |.<f`.
00000354: 01100000 01100000 01100000 00000000 00000000 00000000  ```...
0000035a: 01111110 11000110 11000110 01111110 00000110 01111100  ~..~.|
00000360: 11000000 11000000 11111100 11000110 11000110 11000110  ......
00000366: 11000110 00000000 00011000 00000000 00111000 00011000  ....8.
0000036c: 00011000 00011000 00111100 00000000 00000000 00001100  ..<...
00000372: 00000000 00011100 00001100 00001100 11001100 01111000  .....x
00000378: 11000000 11000000 11000110 11011000 11110000 11011000  ......
0000037e: 11000110 00000000 00111000 00011000 00011000 00011000  ..8...
00000384: 00011000 00011000 00111100 00000000 00000000 00000000  ..<...
0000038a: 11101110 11111110 11010110 11000110 11000110 00000000  ......
00000390: 00000000 00000000 11111100 11000110 11000110 11000110  ......
00000396: 11000110 00000000 00000000 00000000 01111100 11000110  ....|.
0000039c: 11000110 11000110 01111100 00000000 00000000 00000000  ..|...
000003a2: 11111100 11000110 11000110 11111100 11000000 11000000  ......
000003a8: 00000000 00000000 01111110 11000110 11000110 01111110  ..~..~
000003ae: 00000110 00000110 00000000 00000000 11011110 01110110  .....v
000003b4: 01100000 01100000 01100000 00000000 00000000 00000000  ```...
000003ba: 01111100 11000000 01111100 00000110 01111100 00000000  |.|.|.
000003c0: 00011000 00011000 01111110 00011000 00011000 00011000  ..~...
000003c6: 00011110 00000000 00000000 00000000 11000110 11000110  ......
000003cc: 11000110 11000110 01111110 00000000 00000000 00000000  ..~...
000003d2: 11000110 11000110 11000110 01101100 00111000 00000000  ...l8.
000003d8: 00000000 00000000 11000110 11000110 11010110 11111110  ......
000003de: 11000110 00000000 00000000 00000000 11000110 01101100  .....l
000003e4: 00111000 01101100 11000110 00000000 00000000 00000000  8l....
000003ea: 11000110 11000110 11000110 01111110 00000110 01111100  ...~.|
000003f0: 00000000 00000000 11111110 00001100 00011000 01100000  .....`
000003f6: 11111110 00000000 00001110 00011000 00011000 01110000  .....p
000003fc: 00011000 00011000 00001110 00000000 00011000 00011000  ......
00000402: 00011000 00000000 00011000 00011000 00011000 00000000  ......
00000408: 11100000 00110000 00110000 00011100 00110000 00110000  .00.00
0000040e: 11100000 00000000 00000000 01110110 11011100 00000000  ...v..
00000414: 00000000 00000000 00000000 00000000 00000000 00000000  ......
0000041a: 00011000 00111100 01100110 11111111 00000000 00000000  .<f...
00000420: 00001110 00011110 00110110 01100110 11111110 11000110  ..6f..
00000426: 11000110 00000000 11111100 11000000 11000000 11111100  ......
0000042c: 11000110 11000110 11111100 00000000 11111000 11001100  ......
00000432: 11001100 11111100 11000110 11000110 11111100 00000000  ......
00000438: 11111100 11000000 11000000 11000000 11000000 11000000  ......
0000043e: 11000000 00000000 01111110 01100110 01100110 01100110  ..~fff
00000444: 01100110 01100110 11111111 11000011 11111100 11000000  ff....
0000044a: 11000000 11111000 11000000 11000000 11111110 00000000  ......
00000450: 11011011 11011011 01111110 00011000 01111110 11011011  ..~.~.
00000456: 11011011 00000000 00111100 01100110 00000110 00111100  ..<f.<
0000045c: 00000110 11000110 01111100 00000000 11000110 11000110  ..|...
00000462: 11001110 11011110 11110110 11100110 11000110 00000000  ......
00000468: 11010110 11000110 11001110 11011110 11110110 11100110  ......
0000046e: 11000110 00000000 11000110 11001100 11011000 11111000  ......
00000474: 11001100 11000110 11000110 00000000 00000110 00001110  ......
0000047a: 00011110 00110110 01100110 11000110 11000110 00000000  .6f...
00000480: 11000110 11101110 11111110 11010110 11000110 11000110  ......
00000486: 11000110 00000000 11000110 11000110 11000110 11111110  ......
0000048c: 11000110 11000110 11000110 00000000 01111100 11000110  ....|.
00000492: 11000110 11000110 11000110 11000110 01111100 00000000  ....|.
00000498: 11111110 11000110 11000110 11000110 11000110 11000110  ......
0000049e: 11000110 00000000 11111100 11000110 11000110 11111100  ......
000004a4: 11000000 11000000 11000000 00000000 01111100 11000110  ....|.
000004aa: 11000000 11000000 11000000 11000110 01111100 00000000  ....|.
000004b0: 11111100 00110000 00110000 00110000 00110000 00110000  .00000
000004b6: 00110000 00000000 11000110 11000110 11000110 01111110  0....~
000004bc: 00000110 11000110 01111100 00000000 00011000 01111110  ..|..~
000004c2: 11011011 11011011 11011011 01111110 00011000 00000000  ...~..
000004c8: 11000011 01100110 00111100 00011000 00111100 01100110  .f<.<f
000004ce: 11000011 00000000 11001100 11001100 11001100 11001100  ......
000004d4: 11001100 11001100 11111110 00000110 11000110 11000110  ......
000004da: 11000110 01111110 00000110 00000110 00000110 00000000  .~....
000004e0: 11010110 11010110 11010110 11010110 11010110 11010110  ......
000004e6: 11111110 00000000 11010110 11010110 11010110 11010110  ......
000004ec: 11010110 11010110 11111111 00000011 11110000 00110000  .....0
000004f2: 00110000 00111110 00110011 00110011 00111110 00000000  0>33>.
000004f8: 11000010 11000010 11000010 11110010 11011010 11011010  ......
000004fe: 11110010 00000000 11000000 11000000 11000000 11111100  ......
00000504: 11000110 11000110 11111100 00000000 01111100 11000110  ....|.
0000050a: 00000110 00011110 00000110 11000110 01111100 00000000  ....|.
00000510: 11001110 11011011 11011011 11111011 11011011 11011011  ......
00000516: 11001110 00000000 01111110 11000110 11000110 01111110  ..~..~
0000051c: 00110110 01100110 11000110 00000000 00000000 00000000  6f....
00000522: 01111000 00001100 01111100 11001100 01111110 00000000  x.|.~.
00000528: 00000100 01111000 11000000 11111000 11001100 11001100  .x....
0000052e: 01111000 00000000 00000000 00000000 11111000 11001100  x.....
00000534: 11111000 11000110 11111100 00000000 00000000 00000000  ......
0000053a: 11111100 11000000 11000000 11000000 11000000 00000000  ......
00000540: 00000000 00000000 01111110 01100110 01100110 01100110  ..~fff
00000546: 11111111 11000011 00000000 00000000 01111000 11001100  ....x.
0000054c: 11111100 11000000 01111100 00000000 00000000 00000000  ..|...
00000552: 11011011 01111110 00011000 01111110 11011011 00000000  .~.~..
00000558: 00000000 00000000 01111000 11001100 00011000 11001100  ..x...
0000055e: 01111000 00000000 00000000 00000000 11001100 11001100  x.....
00000564: 11011100 11101100 11001100 00000000 00110000 00000000  ....0.
0000056a: 11001100 11001100 11011100 11101100 11001100 00000000  ......
00000570: 00000000 00000000 11001100 11011000 11110000 11001100  ......
00000576: 11001100 00000000 00000000 00000000 00001110 00011110  ......
0000057c: 00110110 01100110 11000110 00000000 00000000 00000000  6f....
00000582: 11000110 11101110 11010110 11000110 11000110 00000000  ......
00000588: 00000000 00000000 11001100 11001100 11111100 11001100  ......
0000058e: 11001100 00000000 00000000 00000000 01111000 11001100  ....x.
00000594: 11001100 11001100 01111000 00000000 00000000 00000000  ..x...
0000059a: 11111100 11001100 11001100 11001100 11001100 00000000  ......
000005a0: 00100010 10001000 00100010 10001000 00100010 10001000  ".".".
000005a6: 00100010 10001000 01010101 10101010 01010101 10101010  ".U.U.
000005ac: 01010101 10101010 01010101 10101010 11011011 01110111  U.U..w
000005b2: 11011011 11101110 11011011 01110111 11011011 11101110  ...w..
000005b8: 00010000 00010000 00010000 00010000 00010000 00010000  ......
000005be: 00010000 00010000 00010000 00010000 00010000 00010000  ......
000005c4: 11110000 00010000 00010000 00010000 00010000 00010000  ......
000005ca: 11110000 00010000 11110000 00010000 00010000 00010000  ......
000005d0: 00010100 00010100 00010100 00010100 11110100 00010100  ......
000005d6: 00010100 00010100 00000000 00000000 00000000 00000000  ......
000005dc: 11111100 00010100 00010100 00010100 00000000 00000000  ......
000005e2: 11110000 00010000 11110000 00010000 00010000 00010000  ......
000005e8: 00010100 00010100 11110100 00000100 11110100 00010100  ......
000005ee: 00010100 00010100 00010100 00010100 00010100 00010100  ......
000005f4: 00010100 00010100 00010100 00010100 00000000 00000000  ......
000005fa: 11111100 00000100 11110100 00010100 00010100 00010100  ......
00000600: 00010100 00010100 11110100 00000100 11111100 00000000  ......
00000606: 00000000 00000000 00010100 00010100 00010100 00010100  ......
0000060c: 11111100 00000000 00000000 00000000 00010000 00010000  ......
00000612: 11110000 00010000 11110000 00000000 00000000 00000000  ......
00000618: 00000000 00000000 00000000 00000000 11110000 00010000  ......
0000061e: 00010000 00010000 00010000 00010000 00010000 00010000  ......
00000624: 00011111 00000000 00000000 00000000 00010000 00010000  ......
0000062a: 00010000 00010000 11111111 00000000 00000000 00000000  ......
00000630: 00000000 00000000 00000000 00000000 11111111 00010000  ......
00000636: 00010000 00010000 00010000 00010000 00010000 00010000  ......
0000063c: 00011111 00010000 00010000 00010000 00000000 00000000  ......
00000642: 00000000 00000000 11111111 00000000 00000000 00000000  ......
00000648: 00010000 00010000 00010000 00010000 11111111 00010000  ......
0000064e: 00010000 00010000 00010000 00010000 00011111 00010000  ......
00000654: 00011111 00010000 00010000 00010000 00010100 00010100  ......
0000065a: 00010100 00010100 00010111 00010100 00010100 00010100  ......
00000660: 00010100 00010100 00010111 00010000 00011111 00000000  ......
00000666: 00000000 00000000 00000000 00000000 00011111 00010000  ......
0000066c: 00010111 00010100 00010100 00010100 00010100 00010100  ......
00000672: 11110111 00000000 11111111 00000000 00000000 00000000  ......
00000678: 00000000 00000000 11111111 00000000 11110111 00010100  ......
0000067e: 00010100 00010100 00010100 00010100 00010111 00010000  ......
00000684: 00010111 00010100 00010100 00010100 00000000 00000000  ......
0000068a: 11111111 00000000 11111111 00000000 00000000 00000000  ......
00000690: 00010100 00010100 11110111 00000000 11110111 00010100  ......
00000696: 00010100 00010100 00010000 00010000 11111111 00000000  ......
0000069c: 11111111 00000000 00000000 00000000 00010100 00010100  ......
000006a2: 00010100 00010100 11111111 00000000 00000000 00000000  ......
000006a8: 00000000 00000000 11111111 00000000 11111111 00010000  ......
000006ae: 00010000 00010000 00000000 00000000 00000000 00000000  ......
000006b4: 11111111 00010100 00010100 00010100 00010100 00010100  ......
000006ba: 00010100 00010100 00011111 00000000 00000000 00000000  ......
000006c0: 00010000 00010000 00011111 00010000 00011111 00000000  ......
000006c6: 00000000 00000000 00000000 00000000 00011111 00010000  ......
000006cc: 00011111 00010000 00010000 00010000 00000000 00000000  ......
000006d2: 00000000 00000000 00011111 00010100 00010100 00010100  ......
000006d8: 00010100 00010100 00010100 00010100 11111111 00010100  ......
000006de: 00010100 00010100 00010000 00010000 11111111 00010000  ......
000006e4: 11111111 00010000 00010000 00010000 00010000 00010000  ......
000006ea: 00010000 00010000 11110000 00000000 00000000 00000000  ......
000006f0: 00000000 00000000 00000000 00000000 00011111 00010000  ......
000006f6: 00010000 00010000 11111111 11111111 11111111 11111111  ......
000006fc: 11111111 11111111 11111111 11111111 00000000 00000000  ......
00000702: 00000000 00000000 11111111 11111111 11111111 11111111  ......
00000708: 11110000 11110000 11110000 11110000 11110000 11110000  ......
0000070e: 11110000 11110000 00001111 00001111 00001111 00001111  ......
00000714: 00001111 00001111 00001111 00001111 11111111 11111111  ......
0000071a: 11111111 11111111 00000000 00000000 00000000 00000000  ......
00000720: 00000000 00000000 11111000 11001100 11001100 11111000  ......
00000726: 11000000 11000000 00000000 00000000 01111000 11001100  ....x.
0000072c: 11000000 11001100 01111000 00000000 00000000 00000000  ..x...
00000732: 11111100 00110000 00110000 00110000 00110000 00000000  .0000.
00000738: 00000000 00000000 11001100 11001100 01111100 00001100  ....|.
0000073e: 11001100 01111000 00000000 00011000 01111110 11011011  .x..~.
00000744: 11011011 01111110 00011000 00011000 00000000 00000000  .~....
0000074a: 11000110 01101100 00111000 01101100 11000110 00000000  .l8l..
00000750: 00000000 00000000 11001100 11001100 11001100 11001100  ......
00000756: 11111110 00000110 00000000 00000000 11001100 11001100  ......
0000075c: 01111100 00001100 00001100 00000000 00000000 00000000  |.....
00000762: 11010110 11010110 11010110 11010110 11111110 00000000  ......
00000768: 00000000 00000000 11010110 11010110 11010110 11010110  ......
0000076e: 11111111 00000011 00000000 00000000 11110000 00110000  .....0
00000774: 00111110 00110011 00111110 00000000 00000000 00000000  >3>...
0000077a: 11000010 11000010 11110010 11011010 11110000 00000000  ......
00000780: 00000000 00000000 11000000 11000000 11111000 11001100  ......
00000786: 11111000 00000000 00000000 00000000 01111100 11000110  ....|.
0000078c: 00011110 11000110 01111100 00000000 00000000 00000000  ..|...
00000792: 11001110 11011011 11111011 11011011 11001110 00000000  ......
00000798: 00000000 00000000 01111100 11001100 01111100 01101100  ..|.|l
0000079e: 11001100 00000000 01001000 00000000 11111100 11000000  ..H...
000007a4: 11110000 11000000 11111110 00000000 01001000 00000000  ....H.
000007aa: 01111000 11001100 11111100 11000000 01111100 00000000  x...|.
000007b0: 01111100 11000110 11000000 11110000 11000000 11000110  |.....
000007b6: 01111100 00000000 00000000 00000000 01111100 11000110  |...|.
000007bc: 11110000 11000110 01111100 00000000 00101000 00000000  ..|.(.
000007c2: 00111100 00011000 00011000 00011000 00111100 00000000  <...<.
000007c8: 00101000 00000000 00111000 00011000 00011000 00011000  (.8...
000007ce: 00111100 00000000 00101000 11010110 11000110 01111110  <.(..~
000007d4: 00000110 11000110 01111100 00000000 01001000 00110000  ..|.H0
000007da: 11001100 11001100 01111100 00001100 11001100 01111000  ..|..x
000007e0: 01100000 10010000 10010000 01100000 00000000 00000000  `..`..
000007e6: 00000000 00000000 00000000 00000000 00000000 00110000  .....0
000007ec: 00110000 00000000 00000000 00000000 00000000 00000000  0.....
000007f2: 00000000 00000000 00110000 00000000 00000000 00000000  ..0...
000007f8: 00011111 00010000 00010000 10010000 01010000 00110000  ....P0
000007fe: 00010000 00000000 10001110 11001000 11101010 10101101  ......
00000804: 10111010 10011000 10001011 00000000 00000000 10110100  ......
0000080a: 01111000 11001100 11001100 01111000 10110100 00000000  x..x..
00000810: 00000000 00000000 00111100 00111100 00111100 00111100  ..<<<<
00000816: 00000000 00000000 00000000 00000000 00000000 00000000  ......
0000081c: 00000000 00000000 00000000 00000000                    ....
